[[ 569.    719.    569.   ...  144.24  146.88  150.  ]
 [ 505.    527.    505.   ...   23.36   24.32   22.  ]
 [ 306.    443.    306.   ...  136.02  136.49  137.  ]
 ...
 [ 831.   1055.    831.   ...  216.28  220.86  224.  ]
 [1152.   1435.   1152.   ...  279.26  281.13  283.  ]
 [ 901.    947.    901.   ...   41.04   45.52   46.  ]]
[ 0  0  0 ... 12 12 12]
(5000, 104)
(5000,)
[ 3  0  0 ... 12 46 12]
0 3
0 5
0 5
0 35
0 37
0 35
0 37
0 44
0 3
0 35
0 35
0 5
0 35
20 34
20 40
20 11
20 11
20 43
20 11
20 36
20 11
20 41
20 43
20 0
20 41
20 5
20 5
14 40
14 40
29 2
29 28
29 49
29 49
29 49
29 2
29 43
29 49
29 28
29 2
29 49
11 20
11 4
11 4
11 4
11 41
11 20
11 5
11 5
11 41
11 20
11 41
11 41
11 41
11 41
11 41
11 4
11 4
11 4
11 41
11 12
11 4
11 41
0 44
1 42
10 20
11 20
11 18
12 25
25 46
25 14
19 38
19 21
19 38
31 40
31 40
31 36
31 40
31 40
31 40
31 40
31 40
31 40
28 0
28 0
28 0
28 5
28 20
28 18
28 35
28 0
28 18
28 0
28 0
18 0
18 0
18 28
18 35
18 5
18 44
18 11
18 3
18 11
18 44
18 41
1 3
1 18
1 25
1 37
1 39
1 45
1 39
24 40
24 45
24 42
24 1
24 7
24 32
24 40
24 48
24 19
24 45
24 40
21 38
21 27
21 27
2 7
2 49
2 43
2 49
2 49
2 49
2 49
2 49
34 15
34 7
34 7
34 7
34 4
34 43
34 6
34 6
34 4
34 43
34 7
30 1
30 20
30 20
30 39
30 20
30 20
30 20
30 48
30 20
30 20
30 20
30 20
30 20
30 20
29 28
29 49
29 49
29 40
29 20
29 20
29 36
29 37
29 2
29 2
29 49
29 49
29 35
29 2
29 1
29 2
29 49
29 49
29 2
29 1
29 49
29 49
29 20
29 49
23 40
23 47
18 0
18 0
18 28
18 0
18 35
18 35
18 0
18 37
18 3
18 35
18 35
32 7
32 14
32 19
32 7
32 40
32 39
32 42
32 19
32 40
25 44
25 0
25 12
25 37
25 45
25 30
10 20
10 4
10 40
27 21
27 15
30 43
30 24
30 20
30 24
30 4
30 20
30 38
30 38
30 25
30 38
20 4
20 40
20 5
20 36
20 41
1 29
1 25
2 16
2 49
2 49
2 4
2 49
2 49
2 49
2 7
2 49
35 0
35 40
35 0
35 0
35 30
35 3
35 11
35 0
3 35
19 14
19 30
19 38
19 32
19 32
19 7
14 37
14 42
14 42
14 1
14 24
14 25
14 39
14 42
34 21
34 4
34 43
34 7
28 18
28 35
28 7
28 35
28 0
28 18
28 35
28 35
28 35
28 35
31 40
31 40
31 20
31 40
31 9
31 9
31 40
31 40
31 40
31 49
3 29
30 42
30 20
30 3
12 39
12 1
12 1
12 1
11 12
11 18
11 20
11 5
11 5
2 49
25 12
25 42
25 1
25 1
25 1
25 12
25 1
25 2
25 12
25 37
25 37
35 29
35 28
35 3
35 28
0 28
0 35
0 28
0 18
0 28
0 3
0 29
3 0
3 18
18 3
18 35
18 35
18 0
18 28
18 0
29 28
29 20
29 20
29 40
29 2
29 36
29 2
29 2
29 49
29 3
29 49
29 49
29 49
29 2
15 27
15 37
32 42
32 40
32 40
32 14
32 40
32 40
32 40
32 40
32 42
32 7
32 38
32 40
32 40
32 40
32 38
32 19
32 49
32 40
32 39
32 40
32 40
28 0
28 3
28 35
28 18
28 0
28 35
26 48
26 41
26 24
26 24
26 8
26 8
39 12
39 30
30 20
30 1
30 20
30 8
30 40
30 20
30 20
30 20
30 35
30 4
30 7
30 1
30 20
30 20
30 39
30 20
30 14
30 20
30 20
30 20
30 48
30 36
30 20
30 20
30 42
30 20
38 25
38 39
38 19
38 42
2 43
2 49
2 49
2 49
2 49
2 49
2 32
20 43
20 36
20 11
20 4
20 36
20 36
20 41
40 7
41 4
41 4
27 15
33 20
33 20
33 40
33 20
33 4
33 20
33 20
33 20
33 7
33 20
20 5
20 11
20 34
32 25
32 39
32 40
32 7
32 1
32 38
32 40
32 7
32 7
32 40
32 7
35 18
35 28
3 35
3 28
3 49
3 35
29 2
29 3
29 20
29 49
29 49
29 12
29 49
29 12
29 2
29 49
3 18
3 29
3 41
3 35
3 35
3 41
29 49
30 42
30 43
32 42
32 7
18 29
13 4
14 42
14 25
28 0
28 3
28 20
29 1
29 3
29 0
29 49
29 3
11 12
11 5
11 36
11 5
12 39
12 18
12 25
35 3
35 0
36 43
36 43
36 43
24 17
24 42
21 6
21 27
4 20
4 9
4 20
4 20
4 20
4 20
4 11
4 7
4 20
4 20
4 11
4 20
16 24
43 36
34 7
34 6
34 20
34 4
17 48
36 42
36 43
36 43
36 43
36 49
15 6
18 0
2 49
2 49
12 18
12 43
0 44
1 37
1 39
37 44
37 5
37 12
37 44
43 36
43 2
44 7
44 11
38 32
38 42
22 32
22 40
38 19
38 42
38 30
38 1
38 32
26 46
26 8
26 8
26 13
26 8
26 8
26 8
26 8
26 13
47 6
4 11
4 41
4 40
4 20
4 20
4 41
4 41
4 20
4 20
4 20
4 11
4 41
4 41
4 20
4 29
4 20
41 29
41 9
41 9
41 4
41 29
41 5
41 20
41 29
41 20
41 36
8 46
8 26
9 4
9 40
30 4
30 20
30 14
30 48
30 20
30 20
30 32
30 7
30 20
30 20
30 7
4 20
4 20
4 20
4 20
4 20
4 20
4 41
4 2
4 20
4 11
4 41
4 5
4 20
4 20
37 25
37 3
42 32
42 38
42 0
42 1
42 32
42 1
42 1
42 1
42 14
42 12
1 38
1 14
1 28
1 39
1 25
1 42
1 18
1 42
1 14
10 20
10 20
10 40
10 20
36 19
36 20
36 4
36 7
36 43
36 9
36 32
36 24
36 38
36 32
36 9
36 14
36 32
27 21
27 21
27 21
27 21
33 20
33 20
33 20
33 20
33 20
33 7
33 7
33 7
33 20
33 40
13 26
13 26
10 20
10 20
10 20
10 40
10 20
10 20
10 20
10 20
10 20
10 20
10 20
23 47
23 6
23 40
23 40
23 6
43 20
43 7
43 29
43 20
43 7
43 7
34 20
34 20
35 18
35 28
35 49
36 24
37 5
39 25
14 18
20 40
25 12
29 49
4 11
48 20
32 24
32 42
32 39
32 49
32 40
32 19
32 40
32 40
41 20
41 20
41 5
41 4
41 36
41 4
41 29
41 36
41 11
44 30
44 5
44 0
44 20
45 1
4 36
4 20
4 20
4 34
4 20
4 11
4 11
4 36
4 20
4 43
4 20
42 1
42 1
42 32
42 32
42 19
42 38
42 24
42 32
42 32
42 38
42 24
42 38
42 38
42 48
19 38
2 49
2 49
2 49
2 49
2 49
2 49
2 49
2 7
46 8
46 45
46 25
43 7
43 36
43 2
43 20
43 36
26 8
26 8
48 24
48 20
48 20
48 37
48 20
48 24
48 20
48 20
48 45
48 20
4 20
4 36
4 11
4 20
4 20
4 44
4 20
4 41
4 20
4 20
4 20
4 44
4 36
25 12
25 1
25 37
25 37
25 45
46 44
46 37
46 37
46 25
46 26
46 25
44 20
44 0
44 35
44 11
44 36
44 37
44 20
4 7
41 9
42 1
42 32
36 43
36 9
36 4
36 37
36 24
36 14
36 9
36 29
36 42
36 48
37 0
37 5
49 2
49 2
49 11
49 2
39 38
39 1
39 14
39 1
39 1
22 40
49 35
49 2
27 42
27 21
5 0
5 4
5 4
5 11
5 41
41 29
41 36
41 4
41 11
41 11
41 29
41 11
41 29
41 20
41 20
41 36
41 9
41 4
41 11
41 9
41 11
41 11
41 20
41 36
42 39
44 5
44 37
44 20
44 3
44 20
21 27
21 39
21 27
21 27
6 34
6 34
6 21
37 25
37 25
37 40
13 5
14 25
14 1
14 25
14 25
49 2
49 2
49 2
49 2
49 2
46 45
46 45
46 41
46 26
46 8
46 12
46 12
46 45
46 45
46 25
45 24
45 24
8 45
8 46
8 48
8 26
8 26
26 8
26 8
27 21
48 16
48 34
48 20
48 7
48 4
48 7
48 20
48 26
48 20
48 20
48 46
48 34
48 24
48 20
48 20
48 8
48 16
48 20
48 20
38 32
38 32
38 7
38 39
34 43
34 43
34 4
34 43
34 4
35 28
35 0
35 0
35 28
49 43
49 2
49 36
49 2
49 2
5 11
44 18
44 18
44 37
44 40
44 0
44 37
44 20
44 20
44 20
44 3
44 20
44 20
44 18
44 20
44 20
44 40
45 25
46 45
9 36
9 43
9 36
9 36
9 36
9 20
9 36
9 40
9 4
5 4
5 29
5 36
7 40
7 19
7 24
9 4
9 36
9 36
9 4
9 7
9 4
9 36
9 4
5 11
5 11
5 4
5 11
27 21
27 21
27 41
28 35
28 0
28 35
28 11
39 42
39 42
4 20
15 18
9 40
25 42
26 14
26 8
5 11
5 44
9 36
9 4
9 2
9 36
9 29
9 29
9 20
9 36
9 20
9 40
42 48
42 14
42 14
43 20
43 29
43 36
43 20
7 2
7 49
7 40
7 49
7 40
7 49
7 40
7 49
8 48
8 26
8 26
8 45
8 26
8 45
10 20
10 20
10 20
10 7
10 20
10 40
10 20
10 4
10 40
10 20
10 20
10 20
10 4
11 12
11 41
45 0
45 17
45 8
48 7
48 20
48 20
48 30
48 20
48 8
48 30
48 20
48 20
48 20
48 21
48 20
48 20
48 34
48 26
48 20
49 36
49 40
49 20
49 2
49 2
49 2
49 2
9 20
23 40
7 49
7 49
7 40
7 49
7 40
47 40
47 40
47 23
33 7
33 20
33 20
33 34
33 20
33 20
33 20
33 20
33 20
6 27
6 15
7 19
7 49
7 24
7 40
48 17
48 20
48 20
48 8
48 4
48 5
48 34
12 18
12 46
1128
3872 1128 0 5000 0
2020-11-23 22:36:36,705 cumul        INFO     r-precision:0.0000
